root@HYB-lt9AKB0lqtp:/home/dani/project/current/Two-arms-pick-place-planning/Two-arms-pick-place-planning# python3 -i conveyer_belt.py
|                                                                       *                   |
|                                                                      O     *    o         |
t = 1, plan_t = 0, n_plan: None                              O                              |
---------------------------------------------------------------------------------------------
                          C                 -450 -350 -250 -150  -50   50  150  250  350  450
 |    |    |    |    |    |    |    |    |    |    |    |    |    |    |    |    |    |    |
---------------------------------------------------------------------------------------------
|                                                  O                                        |
|                         o                                                                 |
|>                   >                                                                      |
|     >    >    >                                                                           |
|                                                            O                              |
---------------------------------------------------------------------------------------------
Computing new plan
{'start': [-830, 300, 180], 'end': [-150, 600, 180]}
[[[6, 4, 0], [8, 0, 0]], [0, 0], [1, 0], [0, 0], 0]
[[[6, 4, 0], [8, 0, 0]], [0, 0], [1, 0], [0, 0], 1]












| Current plan                                                 | Next plan                                                    |
| ____________________________________________________________ | ____________________________________________________________ |
|                                                              | [[[6, 4, 0], [8, 0, 0]], [0, 0], [1, 0], [0, 0], 1]          |
|                                                              | [[[6, 4, 0], [8, 0, 0]], [0, 0], [1, 0], [0, 0], 2]          |
|                                                              | [[[6, 4, 0], [8, 0, 0]], [0, 0], [1, 0], [0, 0], 3]          |
|                                                              | [[[6, 4, 0], [8, 0, 0]], [0, 0], [1, 0], [0, 0], 4]          |
|                                                              | [[[6, 4, 0], [8, 0, 0]], [0, 0], [1, 0], [0, 0], 5]          |
|                                                              | [[[6, 4, 0], [8, 0, 0]], [0, 0], [1, 0], [0, 0], 6]          |
|                                                              | [[[6, 4, 0], [8, 0, 0]], [0, 0], [1, 0], [0, 0], 7]          |
|                                                              | [[[6, 4, 0], [8, 0, 0]], [0, 0], [1, 0], [0, 0], 8]          |
|                                                              | [[[6, 4, 0], [8, 0, 0]], [0, 0], [1, 0], [0, 0], 9]          |
|                                                              | [[[6, 4, 0], [8, 0, 0]], [0, 0], [1, 0], [0, 0], 10]         |
|                                                              | [[[6, 4, 0], [8, 0, 0]], [0, 0], [1, 0], [0, 0], 11]         |
|                                                              | [[[6, 4, 0], [8, 0, 0]], [0, 0], [1, 0], [0, 0], 12]         |
|                                                              | [[[6, 4, 0], [8, 0, 0]], [0, 0], [1, 0], [0, 0], 13]         |
|                                                              | [[[6, 4, 0], [8, 0, 0]], [0, 0], [1, 0], [0, 0], 14]         |
|                                                              | [[[6, 4, 0], [8, 0, 0]], [0, 0], [1, 0], [0, 0], 15]         |
|                                                              | [[[6, 4, 0], [8, 0, 0]], [0, 0], [1, 0], [0, 0], 16]         |
|                                                              | [[[6, 4, 0], [8, 0, 0]], [0, 0], [1, 0], [0, 0], 17]         |
|                                                              | [[[6, 4, 0], [9, 0, 0]], [0, 0], [1, 0], [0, 0], 18]         |
|                                                              | [[[6, 4, 0], [9, 1, 0]], [0, 0], [1, 0], [0, 0], 19]         |
|                                                              | [[[6, 4, 0], [9, 1, 0]], [0, 0], [1, 0], [0, 1], 20]         |
|                                                              | [[[6, 4, 0], [9, 1, 0]], [0, 0], [1, 0], [0, 2], 21]         |
|                                                              | [[[6, 4, 0], [9, 1, 0]], [0, 1], [0, 0], [0, 0], 22]         |
|                                                              | [[[6, 4, 0], [8, 1, 0]], [0, 1], [0, 0], [0, 0], 23]         |
|                                                              | [[[6, 4, 0], [7, 1, 0]], [0, 1], [0, 0], [0, 0], 24]         |
|                                                              | [[[6, 4, 0], [6, 1, 0]], [0, 1], [0, 0], [0, 0], 25]         |
|                                                              | [[[5, 4, 0], [6, 2, 0]], [0, 1], [0, 0], [0, 0], 26]         |
|                                                              | [[[4, 4, 0], [6, 3, 0]], [0, 1], [0, 0], [0, 0], 27]         |
|                                                              | [[[4, 4, 0], [6, 4, 0]], [0, 1], [0, 0], [0, 0], 28]         |
|                                                              | [[[4, 4, 0], [6, 4, 0]], [0, 1], [0, 0], [0, 1], 29]         |
|                                                              | [[[4, 4, 0], [6, 4, 0]], [0, 1], [0, 0], [0, 2], 30]         |
|                                                              | [[[4, 4, 0], [6, 4, 0]], [0, 0], [0, 0], [0, 0], 31]         |


t = 6, plan_t = 0, n_plan: 1

                          C                 -450 -350 -250 -150  -50   50  150  250  350  450
 |    |    |    |    |    |    |    |    |    |    |    |    |    |    |    |    |    |    |
---------------------------------------------------------------------------------------------
|                                                  O                                        |
|>                             o                                                            |
|     >                   o                                                                 |
|          >    >    >                                                                      |
|                                                            O                              |
---------------------------------------------------------------------------------------------
Computing new plan
{'start': [-730, 300, 180], 'end': [-150, 600, 180]}
{'start': [-830, 400, 180], 'end': [-50, 600, 180]}
[[[6, 4, 0], [8, 0, 0]], [0, 0], [1, 1], [0, 0], 0]
[[[6, 4, 0], [8, 0, 0]], [0, 0], [1, 1], [0, 0], 1]












| Current plan                                                 | Next plan                                                    |
| ____________________________________________________________ | ____________________________________________________________ |
| [[[6, 4, 0], [8, 0, 0]], [0, 0], [1, 0], [0, 0], 1]          |                                                              |
| [[[6, 4, 0], [8, 0, 0]], [0, 0], [1, 0], [0, 0], 2]          |                                                              |
| [[[6, 4, 0], [8, 0, 0]], [0, 0], [1, 0], [0, 0], 3]          |                                                              |
| [[[6, 4, 0], [8, 0, 0]], [0, 0], [1, 0], [0, 0], 4]          |                                                              |
| [[[6, 4, 0], [8, 0, 0]], [0, 0], [1, 0], [0, 0], 5]          |                                                              |
| [[[6, 4, 0], [8, 0, 0]], [0, 0], [1, 0], [0, 0], 6]          | [[[6, 4, 0], [8, 0, 0]], [0, 0], [1, 1], [0, 0], 1]          |
| [[[6, 4, 0], [8, 0, 0]], [0, 0], [1, 0], [0, 0], 7]          | [[[6, 4, 0], [8, 0, 0]], [0, 0], [1, 1], [0, 0], 2]          |
| [[[6, 4, 0], [8, 0, 0]], [0, 0], [1, 0], [0, 0], 8]          | [[[6, 4, 0], [8, 0, 0]], [0, 0], [1, 1], [0, 0], 3]          |
| [[[6, 4, 0], [8, 0, 0]], [0, 0], [1, 0], [0, 0], 9]          | [[[6, 4, 0], [8, 0, 0]], [0, 0], [1, 1], [0, 0], 4]          |
| [[[6, 4, 0], [8, 0, 0]], [0, 0], [1, 0], [0, 0], 10]         | [[[6, 4, 0], [8, 0, 0]], [0, 0], [1, 1], [0, 0], 5]          |
| [[[6, 4, 0], [8, 0, 0]], [0, 0], [1, 0], [0, 0], 11]         | [[[6, 4, 0], [8, 0, 0]], [0, 0], [1, 1], [0, 0], 6]          |
| [[[6, 4, 0], [8, 0, 0]], [0, 0], [1, 0], [0, 0], 12]         | [[[6, 4, 0], [8, 0, 0]], [0, 0], [1, 1], [0, 0], 7]          |
| [[[6, 4, 0], [8, 0, 0]], [0, 0], [1, 0], [0, 0], 13]         | [[[6, 4, 0], [8, 0, 0]], [0, 0], [1, 1], [0, 0], 8]          |
| [[[6, 4, 0], [8, 0, 0]], [0, 0], [1, 0], [0, 0], 14]         | [[[6, 4, 0], [8, 0, 0]], [0, 0], [1, 1], [0, 0], 9]          |
| [[[6, 4, 0], [8, 0, 0]], [0, 0], [1, 0], [0, 0], 15]         | [[[6, 4, 0], [8, 0, 0]], [0, 0], [1, 1], [0, 0], 10]         |
| [[[6, 4, 0], [8, 0, 0]], [0, 0], [1, 0], [0, 0], 16]         | [[[6, 4, 0], [8, 0, 0]], [0, 0], [1, 1], [0, 0], 11]         |
| [[[6, 4, 0], [8, 0, 0]], [0, 0], [1, 0], [0, 0], 17]         | [[[6, 4, 0], [8, 0, 0]], [0, 0], [1, 1], [0, 0], 12]         |
| [[[6, 4, 0], [9, 0, 0]], [0, 0], [1, 0], [0, 0], 18]         | [[[6, 4, 0], [9, 0, 0]], [0, 0], [1, 1], [0, 0], 13]         |
| [[[6, 4, 0], [9, 1, 0]], [0, 0], [1, 0], [0, 0], 19]         | [[[6, 4, 0], [9, 1, 0]], [0, 0], [1, 1], [0, 0], 14]         |
| [[[6, 4, 0], [8, 1, 0]], [0, 0], [1, 0], [0, 1], 20]         | [[[6, 4, 0], [9, 1, 0]], [0, 0], [1, 1], [0, 1], 15]         |
| [[[6, 4, 0], [8, 1, 0]], [0, 0], [1, 0], [0, 2], 21]         | [[[6, 4, 0], [9, 1, 0]], [0, 0], [1, 1], [0, 2], 16]         |
| [[[6, 4, 0], [9, 1, 0]], [0, 1], [0, 0], [0, 0], 22]         | [[[6, 4, 0], [9, 1, 0]], [0, 1], [0, 1], [0, 0], 17]         |
| [[[6, 4, 0], [8, 1, 0]], [0, 1], [0, 0], [0, 0], 23]         | [[[6, 4, 0], [8, 1, 0]], [0, 1], [0, 1], [0, 0], 18]         |
| [[[6, 4, 0], [7, 1, 0]], [0, 1], [0, 0], [0, 0], 24]         | [[[6, 4, 0], [7, 1, 0]], [0, 1], [0, 1], [0, 0], 19]         |
| [[[6, 4, 0], [6, 1, 0]], [0, 1], [0, 0], [0, 0], 25]         | [[[6, 4, 0], [6, 1, 0]], [0, 1], [0, 1], [0, 0], 20]         |
| [[[5, 4, 0], [6, 2, 0]], [0, 1], [0, 0], [0, 0], 26]         | [[[5, 4, 0], [6, 2, 0]], [0, 1], [0, 1], [0, 0], 21]         |
| [[[4, 4, 0], [6, 3, 0]], [0, 1], [0, 0], [0, 0], 27]         | [[[4, 4, 0], [6, 3, 0]], [0, 1], [0, 1], [0, 0], 22]         |
| [[[4, 4, 0], [6, 4, 0]], [0, 1], [0, 0], [0, 0], 28]         | [[[4, 4, 0], [6, 4, 0]], [0, 1], [0, 1], [0, 0], 23]         |
| [[[4, 4, 0], [6, 4, 0]], [0, 1], [0, 0], [0, 1], 29]         | [[[4, 4, 0], [6, 4, 0]], [0, 1], [0, 1], [0, 1], 24]         |
| [[[4, 4, 0], [6, 4, 0]], [0, 1], [0, 0], [0, 2], 30]         | [[[4, 4, 0], [6, 4, 0]], [0, 1], [0, 1], [0, 2], 25]         |
| [[[4, 4, 0], [6, 4, 0]], [0, 0], [0, 0], [0, 0], 31]         | [[[4, 4, 0], [6, 4, 0]], [0, 0], [0, 1], [0, 0], 26]         |
|                                                              | [[[4, 4, 0], [7, 4, 0]], [0, 0], [0, 1], [0, 0], 27]         |
|                                                              | [[[4, 4, 0], [7, 3, 0]], [0, 0], [0, 1], [0, 0], 28]         |
|                                                              | [[[4, 4, 0], [7, 2, 0]], [0, 0], [0, 1], [0, 0], 29]         |
|                                                              | [[[4, 4, 0], [7, 2, 0]], [0, 0], [0, 1], [0, 3], 30]         |
|                                                              | [[[4, 4, 0], [7, 2, 0]], [0, 0], [0, 1], [0, 4], 31]         |
|                                                              | [[[4, 4, 0], [7, 2, 0]], [0, 2], [0, 0], [0, 0], 32]         |
|                                                              | [[[4, 4, 0], [6, 2, 0]], [0, 2], [0, 0], [0, 0], 33]         |
|                                                              | [[[4, 4, 0], [5, 2, 0]], [0, 2], [0, 0], [0, 0], 34]         |
|                                                              | [[[3, 4, 0], [5, 3, 0]], [0, 2], [0, 0], [0, 0], 35]         |
|                                                              | [[[3, 4, 0], [5, 4, 0]], [0, 2], [0, 0], [0, 0], 36]         |
|                                                              | [[[3, 4, 0], [5, 4, 0]], [0, 2], [0, 0], [0, 3], 37]         |
|                                                              | [[[3, 4, 0], [5, 4, 0]], [0, 2], [0, 0], [0, 4], 38]         |
|                                                              | [[[3, 4, 0], [5, 4, 0]], [0, 0], [0, 0], [0, 0], 39]         |


t = 32, plan_t = 0, n_plan: 22

                          C                 -450 -350 -250 -150  -50   50  150  250  350  450
 |    |    |    |    |    |    |    |    |    |    |    |    |    |    |    |    |    |    |
---------------------------------------------------------------------------------------------
|                                                                                           |
|      >                   *                                                                |
|           >                   *                   o                                       |
|                >    >              *    *    o                                            |
|                                                            O         O                    |
---------------------------------------------------------------------------------------------
Computing new plan
{'start': [-410, 500, 180], 'end': [150, 600, 180]}
{'start': [-310, 400, 180], 'end': [-50, 600, 180]}
[[[4, 4, 0], [6, 4, 0]], [0, 0], [1, 1], [0, 0], 0]
[[[4, 4, 0], [7, 4, 0]], [0, 0], [1, 1], [0, 0], 1]












| Current plan                                                 | Next plan                                                    |
| ____________________________________________________________ | ____________________________________________________________ |
| [[[6, 4, 0], [8, 0, 0]], [0, 0], [1, 1], [0, 0], 1]          |                                                              |
| [[[6, 4, 0], [8, 0, 0]], [0, 0], [1, 1], [0, 0], 2]          |                                                              |
| [[[6, 4, 0], [8, 0, 0]], [0, 0], [1, 1], [0, 0], 3]          |                                                              |
| [[[6, 4, 0], [8, 0, 0]], [0, 0], [1, 1], [0, 0], 4]          |                                                              |
| [[[6, 4, 0], [8, 0, 0]], [0, 0], [1, 1], [0, 0], 5]          |                                                              |
| [[[6, 4, 0], [8, 0, 0]], [0, 0], [1, 1], [0, 0], 6]          |                                                              |
| [[[6, 4, 0], [8, 0, 0]], [0, 0], [1, 1], [0, 0], 7]          |                                                              |
| [[[6, 4, 0], [8, 0, 0]], [0, 0], [1, 1], [0, 0], 8]          |                                                              |
| [[[6, 4, 0], [8, 0, 0]], [0, 0], [1, 1], [0, 0], 9]          |                                                              |
| [[[6, 4, 0], [8, 0, 0]], [0, 0], [1, 1], [0, 0], 10]         |                                                              |
| [[[6, 4, 0], [8, 0, 0]], [0, 0], [1, 1], [0, 0], 11]         |                                                              |
| [[[6, 4, 0], [8, 0, 0]], [0, 0], [1, 1], [0, 0], 12]         |                                                              |
| [[[6, 4, 0], [9, 0, 0]], [0, 0], [1, 1], [0, 0], 13]         |                                                              |
| [[[6, 4, 0], [9, 1, 0]], [0, 0], [1, 1], [0, 0], 14]         |                                                              |
| [[[6, 4, 0], [5, 3, 0]], [0, 0], [1, 1], [0, 1], 15]         |                                                              |
| [[[6, 4, 0], [5, 3, 0]], [0, 0], [1, 1], [0, 2], 16]         |                                                              |
| [[[6, 4, 0], [9, 1, 0]], [0, 1], [0, 1], [0, 0], 17]         |                                                              |
| [[[6, 4, 0], [8, 1, 0]], [0, 1], [0, 1], [0, 0], 18]         |                                                              |
| [[[6, 4, 0], [7, 1, 0]], [0, 1], [0, 1], [0, 0], 19]         |                                                              |
| [[[6, 4, 0], [6, 1, 0]], [0, 1], [0, 1], [0, 0], 20]         |                                                              |
| [[[5, 4, 0], [6, 2, 0]], [0, 1], [0, 1], [0, 0], 21]         |                                                              |
| [[[4, 4, 0], [6, 3, 0]], [0, 1], [0, 1], [0, 0], 22]         |                                                              |
| [[[4, 4, 0], [6, 4, 0]], [0, 1], [0, 1], [0, 0], 23]         |                                                              |
| [[[4, 4, 0], [3, 4, 0]], [0, 1], [0, 1], [0, 1], 24]         |                                                              |
| [[[4, 4, 0], [3, 4, 0]], [0, 1], [0, 1], [0, 2], 25]         |                                                              |
| [[[4, 4, 0], [6, 4, 0]], [0, 0], [0, 1], [0, 0], 26]         |                                                              |
| [[[4, 4, 0], [7, 4, 0]], [0, 0], [0, 1], [0, 0], 27]         | [[[4, 4, 0], [7, 4, 0]], [0, 0], [1, 1], [0, 0], 1]          |
| [[[4, 4, 0], [7, 3, 0]], [0, 0], [0, 1], [0, 0], 28]         | [[[4, 4, 0], [7, 3, 0]], [0, 0], [1, 1], [0, 0], 2]          |
| [[[4, 4, 0], [7, 2, 0]], [0, 0], [0, 1], [0, 0], 29]         | [[[4, 4, 0], [7, 2, 0]], [0, 0], [1, 1], [0, 0], 3]          |
| [[[4, 4, 0], [1, 2, 0]], [0, 0], [0, 1], [0, 3], 30]         | [[[4, 4, 0], [7, 2, 0]], [0, 0], [1, 1], [0, 3], 4]          |
| [[[4, 4, 0], [1, 2, 0]], [0, 0], [0, 1], [0, 4], 31]         | [[[5, 4, 0], [7, 2, 0]], [0, 0], [1, 1], [0, 4], 5]          |
| [[[4, 4, 0], [7, 2, 0]], [0, 2], [0, 0], [0, 0], 32]         | [[[6, 4, 0], [7, 2, 0]], [0, 2], [1, 0], [0, 0], 6]          |
| [[[4, 4, 0], [6, 2, 0]], [0, 2], [0, 0], [0, 0], 33]         | [[[6, 3, 0], [7, 2, 0]], [0, 2], [1, 0], [0, 0], 7]          |
| [[[4, 4, 0], [5, 2, 0]], [0, 2], [0, 0], [0, 0], 34]         | [[[7, 3, 0], [8, 2, 0]], [0, 2], [1, 0], [0, 0], 8]          |
| [[[3, 4, 0], [5, 3, 0]], [0, 2], [0, 0], [0, 0], 35]         | [[[7, 3, 0], [8, 2, 0]], [0, 2], [1, 0], [1, 0], 9]          |
| [[[3, 4, 0], [5, 4, 0]], [0, 2], [0, 0], [0, 0], 36]         | [[[7, 3, 0], [8, 2, 0]], [0, 2], [1, 0], [2, 0], 10]         |
| [[[3, 4, 0], [5, 4, 0]], [0, 2], [0, 0], [0, 3], 37]         | [[[7, 3, 0], [8, 2, 0]], [1, 2], [0, 0], [0, 0], 11]         |
| [[[3, 4, 0], [5, 4, 0]], [0, 2], [0, 0], [0, 4], 38]         | [[[6, 3, 0], [7, 2, 0]], [1, 2], [0, 0], [0, 0], 12]         |
| [[[3, 4, 0], [5, 4, 0]], [0, 0], [0, 0], [0, 0], 39]         | [[[5, 3, 0], [6, 2, 0]], [1, 2], [0, 0], [0, 0], 13]         |
|                                                              | [[[4, 3, 0], [6, 3, 0]], [1, 2], [0, 0], [0, 0], 14]         |
|                                                              | [[[3, 3, 0], [5, 3, 0]], [1, 2], [0, 0], [0, 0], 15]         |
|                                                              | [[[3, 4, 0], [5, 4, 0]], [1, 2], [0, 0], [0, 0], 16]         |
|                                                              | [[[3, 4, 0], [5, 4, 0]], [1, 2], [0, 0], [1, 3], 17]         |
|                                                              | [[[3, 4, 0], [5, 4, 0]], [1, 2], [0, 0], [2, 4], 18]         |
|                                                              | [[[3, 4, 0], [5, 4, 0]], [0, 0], [0, 0], [0, 0], 19]         |


t = 51, plan_t = 0, n_plan: 33

                          C                 -450 -350 -250 -150  -50   50  150  250  350  450
 |    |    |    |    |    |    |    |    |    |    |    |    |    |    |    |    |    |    |
---------------------------------------------------------------------------------------------
|                                                                                           |
|                         *                   *                                             |
|                              *                   *                                        |
|                                   *    *              o    o                              |
|                                                                 O         O               |
---------------------------------------------------------------------------------------------
Computing new plan
{'start': [-130, 500, 180], 'end': [150, 600, 180]}
{'start': [-230, 500, 180], 'end': [50, 600, 180]}
[[[3, 4, 0], [5, 4, 0]], [0, 0], [1, 1], [0, 0], 0]
[[[3, 4, 0], [5, 4, 0]], [0, 0], [1, 1], [0, 0], 1]












| Current plan                                                 | Next plan                                                    |
| ____________________________________________________________ | ____________________________________________________________ |
| [[[4, 4, 0], [7, 4, 0]], [0, 0], [1, 1], [0, 0], 1]          |                                                              |
| [[[4, 4, 0], [7, 3, 0]], [0, 0], [1, 1], [0, 0], 2]          |                                                              |
| [[[4, 4, 0], [7, 2, 0]], [0, 0], [1, 1], [0, 0], 3]          |                                                              |
| [[[4, 4, 0], [6, 3, 0]], [0, 0], [1, 1], [0, 3], 4]          |                                                              |
| [[[5, 4, 0], [6, 3, 0]], [0, 0], [1, 1], [0, 4], 5]          |                                                              |
| [[[6, 4, 0], [7, 2, 0]], [0, 2], [1, 0], [0, 0], 6]          |                                                              |
| [[[6, 3, 0], [7, 2, 0]], [0, 2], [1, 0], [0, 0], 7]          |                                                              |
| [[[7, 3, 0], [8, 2, 0]], [0, 2], [1, 0], [0, 0], 8]          |                                                              |
| [[[4, 3, 0], [8, 2, 0]], [0, 2], [1, 0], [1, 0], 9]          |                                                              |
| [[[4, 3, 0], [8, 2, 0]], [0, 2], [1, 0], [2, 0], 10]         |                                                              |
| [[[7, 3, 0], [8, 2, 0]], [1, 2], [0, 0], [0, 0], 11]         |                                                              |
| [[[6, 3, 0], [7, 2, 0]], [1, 2], [0, 0], [0, 0], 12]         |                                                              |
| [[[5, 3, 0], [6, 2, 0]], [1, 2], [0, 0], [0, 0], 13]         |                                                              |
| [[[4, 3, 0], [6, 3, 0]], [1, 2], [0, 0], [0, 0], 14]         |                                                              |
| [[[3, 3, 0], [5, 3, 0]], [1, 2], [0, 0], [0, 0], 15]         |                                                              |
| [[[3, 4, 0], [5, 4, 0]], [1, 2], [0, 0], [0, 0], 16]         |                                                              |
| [[[3, 4, 0], [4, 4, 0]], [1, 2], [0, 0], [1, 3], 17]         |                                                              |
| [[[3, 4, 0], [4, 4, 0]], [1, 2], [0, 0], [2, 4], 18]         |                                                              |
| [[[3, 4, 0], [5, 4, 0]], [0, 0], [0, 0], [0, 0], 19]         |                                                              |
|                                                              | [[[3, 4, 0], [5, 4, 0]], [0, 0], [1, 1], [0, 0], 1]          |
|                                                              | [[[3, 3, 0], [5, 4, 0]], [0, 0], [1, 1], [0, 0], 2]          |
|                                                              | [[[4, 3, 0], [6, 4, 0]], [0, 0], [1, 1], [0, 0], 3]          |
|                                                              | [[[5, 3, 0], [7, 4, 0]], [0, 0], [1, 1], [0, 0], 4]          |
|                                                              | [[[5, 3, 0], [7, 4, 0]], [0, 0], [1, 1], [1, 0], 5]          |
|                                                              | [[[5, 3, 0], [7, 4, 0]], [0, 0], [1, 1], [2, 0], 6]          |
|                                                              | [[[5, 3, 0], [7, 3, 0]], [1, 0], [0, 1], [0, 0], 7]          |
|                                                              | [[[4, 3, 0], [6, 3, 0]], [1, 0], [0, 1], [0, 0], 8]          |
|                                                              | [[[3, 3, 0], [5, 3, 0]], [1, 0], [0, 1], [0, 0], 9]          |
|                                                              | [[[3, 4, 0], [5, 3, 0]], [1, 0], [0, 1], [0, 3], 10]         |
|                                                              | [[[3, 4, 0], [5, 3, 0]], [1, 0], [0, 1], [1, 4], 11]         |
|                                                              | [[[3, 4, 0], [5, 3, 0]], [1, 2], [0, 0], [2, 0], 12]         |
|                                                              | [[[3, 4, 0], [5, 4, 0]], [0, 2], [0, 0], [0, 0], 13]         |
|                                                              | [[[2, 4, 0], [4, 4, 0]], [0, 2], [0, 0], [0, 0], 14]         |
|                                                              | [[[2, 4, 0], [4, 4, 0]], [0, 2], [0, 0], [0, 3], 15]         |
|                                                              | [[[2, 4, 0], [4, 4, 0]], [0, 2], [0, 0], [0, 4], 16]         |
|                                                              | [[[2, 4, 0], [4, 4, 0]], [0, 0], [0, 0], [0, 0], 17]         |


t = 64, plan_t = 0, n_plan: 44

                          C                 -450 -350 -250 -150  -50   50  150  250  350  450
 |    |    |    |    |    |    |    |    |    |    |    |    |    |    |    |    |    |    |
---------------------------------------------------------------------------------------------
|                                                                                           |
|                                      *                   *                                |
|                                           *                   o                           |
|                                                *    *                                     |
|                                                                 O         O               |
---------------------------------------------------------------------------------------------
Computing new plan
{'start': [-70, 400, 180], 'end': [-50, 600, 180]}
{'start': [-230, 500, 180], 'end': [50, 600, 180]}
[[[3, 4, 0], [5, 4, 0]], [0, 2], [1, 0], [0, 0], 0]
[[[3, 4, 0], [5, 4, 0]], [0, 2], [1, 0], [0, 0], 1]












| Current plan                                                 | Next plan                                                    |
| ____________________________________________________________ | ____________________________________________________________ |
| [[[3, 4, 0], [5, 4, 0]], [0, 0], [1, 1], [0, 0], 1]          |                                                              |
| [[[3, 3, 0], [5, 4, 0]], [0, 0], [1, 1], [0, 0], 2]          |                                                              |
| [[[4, 3, 0], [6, 4, 0]], [0, 0], [1, 1], [0, 0], 3]          |                                                              |
| [[[5, 3, 0], [7, 4, 0]], [0, 0], [1, 1], [0, 0], 4]          |                                                              |
| [[[4, 2, 0], [7, 4, 0]], [0, 0], [1, 1], [1, 0], 5]          |                                                              |
| [[[4, 2, 0], [7, 4, 0]], [0, 0], [1, 1], [2, 0], 6]          |                                                              |
| [[[5, 3, 0], [7, 3, 0]], [1, 0], [0, 1], [0, 0], 7]          |                                                              |
| [[[4, 3, 0], [6, 3, 0]], [1, 0], [0, 1], [0, 0], 8]          |                                                              |
| [[[3, 3, 0], [5, 3, 0]], [1, 0], [0, 1], [0, 0], 9]          |                                                              |
| [[[3, 4, 0], [5, 3, 0]], [1, 0], [0, 1], [0, 3], 10]         |                                                              |
| [[[5, 4, 0], [5, 3, 0]], [1, 0], [0, 1], [1, 4], 11]         |                                                              |
| [[[5, 4, 0], [5, 3, 0]], [1, 2], [0, 0], [2, 0], 12]         |                                                              |
| [[[3, 4, 0], [5, 4, 0]], [0, 2], [0, 0], [0, 0], 13]         |                                                              |
| [[[2, 4, 0], [4, 4, 0]], [0, 2], [0, 0], [0, 0], 14]         | [[[3, 4, 0], [5, 4, 0]], [0, 2], [1, 0], [0, 0], 1]          |
| [[[2, 4, 0], [4, 4, 0]], [0, 2], [0, 0], [0, 3], 15]         | [[[3, 4, 0], [5, 4, 0]], [0, 2], [1, 0], [0, 0], 2]          |
| [[[2, 4, 0], [4, 4, 0]], [0, 2], [0, 0], [0, 4], 16]         | [[[3, 4, 0], [5, 4, 0]], [0, 2], [1, 0], [0, 0], 3]          |
| [[[2, 4, 0], [4, 4, 0]], [0, 0], [0, 0], [0, 0], 17]         | [[[3, 3, 0], [5, 4, 0]], [0, 2], [1, 0], [0, 0], 4]          |
|                                                              | [[[3, 2, 0], [4, 4, 0]], [0, 2], [1, 0], [0, 0], 5]          |
|                                                              | [[[4, 2, 0], [4, 4, 0]], [0, 2], [1, 0], [0, 3], 6]          |
|                                                              | [[[4, 2, 0], [4, 4, 0]], [0, 2], [1, 0], [1, 4], 7]          |
|                                                              | [[[4, 2, 0], [4, 4, 0]], [0, 0], [1, 0], [2, 0], 8]          |
|                                                              | [[[4, 2, 0], [5, 4, 0]], [1, 0], [0, 0], [0, 0], 9]          |
|                                                              | [[[5, 2, 0], [6, 4, 0]], [1, 0], [0, 0], [0, 0], 10]         |
|                                                              | [[[5, 3, 0], [7, 4, 0]], [1, 0], [0, 0], [0, 0], 11]         |
|                                                              | [[[5, 4, 0], [7, 4, 0]], [1, 0], [0, 0], [0, 0], 12]         |
|                                                              | [[[5, 4, 0], [7, 4, 0]], [1, 0], [0, 0], [1, 0], 13]         |
|                                                              | [[[5, 4, 0], [7, 4, 0]], [1, 0], [0, 0], [2, 0], 14]         |
|                                                              | [[[5, 4, 0], [7, 4, 0]], [0, 0], [0, 0], [0, 0], 15]         |


t = 72, plan_t = 0, n_plan: 5

                          C                 -450 -350 -250 -150  -50   50  150  250  350  450
 |    |    |    |    |    |    |    |    |    |    |    |    |    |    |    |    |    |    |
---------------------------------------------------------------------------------------------
|                                                                                           |
|                                              *                   o                        |
|                                                   *                  O                    |
|                                                        *    *                             |
|                                                                      O                    |
---------------------------------------------------------------------------------------------
Computing new plan
{'start': [90, 400, 180], 'end': [-50, 600, 180]}
{'start': [-10, 300, 180], 'end': [-150, 600, 180]}
[[[4, 2, 0], [4, 4, 0]], [0, 0], [1, 1], [2, 0], 0]
[[[3, 2, 0], [4, 3, 0]], [1, 0], [0, 1], [0, 0], 1]












| Current plan                                                 | Next plan                                                    |
| ____________________________________________________________ | ____________________________________________________________ |
| [[[3, 4, 0], [5, 4, 0]], [0, 2], [1, 0], [0, 0], 1]          |                                                              |
| [[[3, 4, 0], [5, 4, 0]], [0, 2], [1, 0], [0, 0], 2]          |                                                              |
| [[[3, 4, 0], [5, 4, 0]], [0, 2], [1, 0], [0, 0], 3]          |                                                              |
| [[[3, 3, 0], [5, 4, 0]], [0, 2], [1, 0], [0, 0], 4]          |                                                              |
| [[[3, 2, 0], [4, 4, 0]], [0, 2], [1, 0], [0, 0], 5]          |                                                              |
| [[[4, 2, 0], [6, 4, 0]], [0, 2], [1, 0], [0, 3], 6]          |                                                              |
| [[[2, 2, 0], [6, 4, 0]], [0, 2], [1, 0], [1, 4], 7]          |                                                              |
| [[[2, 2, 0], [4, 4, 0]], [0, 0], [1, 0], [2, 0], 8]          |                                                              |
| [[[4, 2, 0], [5, 4, 0]], [1, 0], [0, 0], [0, 0], 9]          | [[[3, 2, 0], [4, 3, 0]], [1, 0], [0, 1], [0, 0], 1]          |
| [[[5, 2, 0], [6, 4, 0]], [1, 0], [0, 0], [0, 0], 10]         | [[[2, 2, 0], [4, 2, 0]], [1, 0], [0, 1], [0, 0], 2]          |
| [[[5, 3, 0], [7, 4, 0]], [1, 0], [0, 0], [0, 0], 11]         | [[[2, 3, 0], [4, 1, 0]], [1, 0], [0, 1], [0, 0], 3]          |
| [[[5, 4, 0], [7, 4, 0]], [1, 0], [0, 0], [0, 0], 12]         | [[[3, 3, 0], [4, 1, 0]], [1, 0], [0, 1], [0, 3], 4]          |
| [[[5, 4, 0], [7, 4, 0]], [1, 0], [0, 0], [1, 0], 13]         | [[[4, 3, 0], [4, 1, 0]], [1, 0], [0, 1], [0, 4], 5]          |
| [[[5, 4, 0], [7, 4, 0]], [1, 0], [0, 0], [2, 0], 14]         | [[[5, 3, 0], [4, 1, 0]], [1, 2], [0, 0], [0, 0], 6]          |
| [[[5, 4, 0], [7, 4, 0]], [0, 0], [0, 0], [0, 0], 15]         | [[[5, 4, 0], [5, 1, 0]], [1, 2], [0, 0], [0, 0], 7]          |
|                                                              | [[[5, 4, 0], [5, 1, 0]], [1, 2], [0, 0], [1, 0], 8]          |
|                                                              | [[[5, 4, 0], [6, 1, 0]], [1, 2], [0, 0], [2, 0], 9]          |
|                                                              | [[[5, 4, 0], [6, 2, 0]], [0, 2], [0, 0], [0, 0], 10]         |
|                                                              | [[[4, 4, 0], [6, 3, 0]], [0, 2], [0, 0], [0, 0], 11]         |
|                                                              | [[[4, 4, 0], [6, 4, 0]], [0, 2], [0, 0], [0, 0], 12]         |
|                                                              | [[[4, 4, 0], [6, 4, 0]], [0, 2], [0, 0], [0, 3], 13]         |
|                                                              | [[[4, 4, 0], [6, 4, 0]], [0, 2], [0, 0], [0, 4], 14]         |
|                                                              | [[[4, 4, 0], [6, 4, 0]], [0, 0], [0, 0], [0, 0], 15]         |


t = 82, plan_t = 0, n_plan: 6

                          C                 -450 -350 -250 -150  -50   50  150  250  350  450
 |    |    |    |    |    |    |    |    |    |    |    |    |    |    |    |    |    |    |
---------------------------------------------------------------------------------------------
|                                                                                           |
|                                                        *                                  |
|                                                            O*                             |
|                                                                  *    o                   |
|                                                                 O                         |
---------------------------------------------------------------------------------------------
Computing new plan
{'start': [90, 500, 180], 'end': [150, 600, 180]}
{'start': [-10, 300, 180], 'end': [-150, 600, 180]}
[[[5, 4, 0], [6, 2, 0]], [0, 2], [1, 0], [0, 0], 0]
[[[4, 4, 0], [6, 2, 0]], [0, 2], [1, 0], [0, 0], 1]












| Current plan                                                 | Next plan                                                    |
| ____________________________________________________________ | ____________________________________________________________ |
| [[[3, 2, 0], [4, 3, 0]], [1, 0], [0, 1], [0, 0], 1]          |                                                              |
| [[[2, 2, 0], [4, 2, 0]], [1, 0], [0, 1], [0, 0], 2]          |                                                              |
| [[[2, 3, 0], [4, 1, 0]], [1, 0], [0, 1], [0, 0], 3]          |                                                              |
| [[[3, 3, 0], [4, 1, 0]], [1, 0], [0, 1], [0, 3], 4]          |                                                              |
| [[[4, 3, 0], [4, 1, 0]], [1, 0], [0, 1], [0, 4], 5]          |                                                              |
| [[[5, 3, 0], [4, 1, 0]], [1, 2], [0, 0], [0, 0], 6]          |                                                              |
| [[[5, 4, 0], [5, 1, 0]], [1, 2], [0, 0], [0, 0], 7]          |                                                              |
| [[[3, 4, 0], [5, 1, 0]], [1, 2], [0, 0], [1, 0], 8]          |                                                              |
| [[[3, 4, 0], [6, 1, 0]], [1, 2], [0, 0], [2, 0], 9]          |                                                              |
| [[[5, 4, 0], [6, 2, 0]], [0, 2], [0, 0], [0, 0], 10]         |                                                              |
| [[[4, 4, 0], [6, 3, 0]], [0, 2], [0, 0], [0, 0], 11]         | [[[4, 4, 0], [6, 2, 0]], [0, 2], [1, 0], [0, 0], 1]          |
| [[[4, 4, 0], [6, 4, 0]], [0, 2], [0, 0], [0, 0], 12]         | [[[3, 4, 0], [6, 2, 0]], [0, 2], [1, 0], [0, 0], 2]          |
| [[[4, 4, 0], [6, 4, 0]], [0, 2], [0, 0], [0, 3], 13]         | [[[3, 3, 0], [6, 2, 0]], [0, 2], [1, 0], [0, 0], 3]          |
| [[[4, 4, 0], [6, 4, 0]], [0, 2], [0, 0], [0, 4], 14]         | [[[3, 3, 0], [6, 2, 0]], [0, 2], [1, 0], [1, 0], 4]          |
| [[[4, 4, 0], [6, 4, 0]], [0, 0], [0, 0], [0, 0], 15]         | [[[3, 3, 0], [6, 2, 0]], [0, 2], [1, 0], [2, 0], 5]          |
|                                                              | [[[3, 3, 0], [6, 3, 0]], [1, 2], [0, 0], [0, 0], 6]          |
|                                                              | [[[3, 4, 0], [6, 4, 0]], [1, 2], [0, 0], [0, 0], 7]          |
|                                                              | [[[3, 4, 0], [6, 4, 0]], [1, 2], [0, 0], [1, 3], 8]          |
|                                                              | [[[3, 4, 0], [6, 4, 0]], [1, 2], [0, 0], [2, 4], 9]          |
|                                                              | [[[3, 4, 0], [6, 4, 0]], [0, 0], [0, 0], [0, 0], 10]         |


t = 92, plan_t = 0, n_plan: 7

                          C                 -450 -350 -250 -150  -50   50  150  250  350  450
 |    |    |    |    |    |    |    |    |    |    |    |    |    |    |    |    |    |    |
---------------------------------------------------------------------------------------------
|                                                                                           |
|                                                                  *                        |
|                                                                       o                   |
|                                                                            o              |
|                                                            O              O               |
---------------------------------------------------------------------------------------------
Computing new plan
{'start': [190, 500, 180], 'end': [50, 600, 180]}
{'start': [90, 400, 180], 'end': [-50, 600, 180]}
[[[3, 4, 0], [6, 4, 0]], [0, 0], [1, 1], [0, 0], 0]
[[[3, 4, 0], [6, 4, 0]], [0, 0], [1, 1], [0, 0], 1]












| Current plan                                                 | Next plan                                                    |
| ____________________________________________________________ | ____________________________________________________________ |
| [[[4, 4, 0], [6, 2, 0]], [0, 2], [1, 0], [0, 0], 1]          |                                                              |
| [[[3, 4, 0], [6, 2, 0]], [0, 2], [1, 0], [0, 0], 2]          |                                                              |
| [[[3, 3, 0], [6, 2, 0]], [0, 2], [1, 0], [0, 0], 3]          |                                                              |
| [[[2, 3, 0], [6, 2, 0]], [0, 2], [1, 0], [1, 0], 4]          |                                                              |
| [[[2, 3, 0], [6, 2, 0]], [0, 2], [1, 0], [2, 0], 5]          |                                                              |
| [[[3, 3, 0], [6, 3, 0]], [1, 2], [0, 0], [0, 0], 6]          |                                                              |
| [[[3, 4, 0], [6, 4, 0]], [1, 2], [0, 0], [0, 0], 7]          |                                                              |
| [[[4, 4, 0], [5, 4, 0]], [1, 2], [0, 0], [1, 3], 8]          |                                                              |
| [[[4, 4, 0], [5, 4, 0]], [1, 2], [0, 0], [2, 4], 9]          |                                                              |
| [[[3, 4, 0], [6, 4, 0]], [0, 0], [0, 0], [0, 0], 10]         |                                                              |
|                                                              | [[[3, 4, 0], [6, 4, 0]], [0, 0], [1, 1], [0, 0], 1]          |
|                                                              | [[[2, 4, 0], [6, 4, 0]], [0, 0], [1, 1], [0, 0], 2]          |
|                                                              | [[[2, 3, 0], [5, 4, 0]], [0, 0], [1, 1], [0, 0], 3]          |
|                                                              | [[[2, 3, 0], [4, 4, 0]], [0, 0], [1, 1], [1, 0], 4]          |
|                                                              | [[[2, 3, 0], [4, 3, 0]], [0, 0], [1, 1], [2, 0], 5]          |
|                                                              | [[[2, 3, 0], [4, 2, 0]], [1, 0], [0, 1], [0, 0], 6]          |
|                                                              | [[[1, 3, 0], [3, 2, 0]], [1, 0], [0, 1], [0, 0], 7]          |
|                                                              | [[[0, 3, 0], [2, 2, 0]], [1, 0], [0, 1], [0, 0], 8]          |
|                                                              | [[[0, 3, 0], [2, 2, 0]], [1, 0], [0, 1], [0, 3], 9]          |
|                                                              | [[[0, 3, 0], [2, 2, 0]], [1, 0], [0, 1], [0, 4], 10]         |
|                                                              | [[[0, 3, 0], [2, 2, 0]], [1, 2], [0, 0], [0, 0], 11]         |
|                                                              | [[[0, 3, 0], [3, 2, 0]], [1, 2], [0, 0], [0, 0], 12]         |
|                                                              | [[[0, 3, 0], [4, 2, 0]], [1, 2], [0, 0], [0, 0], 13]         |
|                                                              | [[[0, 3, 0], [5, 2, 0]], [1, 2], [0, 0], [0, 0], 14]         |
|                                                              | [[[0, 3, 0], [5, 3, 0]], [1, 2], [0, 0], [0, 0], 15]         |
|                                                              | [[[1, 3, 0], [5, 4, 0]], [1, 2], [0, 0], [0, 0], 16]         |
|                                                              | [[[2, 3, 0], [5, 4, 0]], [1, 2], [0, 0], [0, 3], 17]         |
|                                                              | [[[3, 3, 0], [5, 4, 0]], [1, 2], [0, 0], [0, 4], 18]         |
|                                                              | [[[3, 4, 0], [5, 4, 0]], [1, 0], [0, 0], [0, 0], 19]         |
|                                                              | [[[4, 4, 0], [6, 4, 0]], [1, 0], [0, 0], [0, 0], 20]         |
|                                                              | [[[4, 4, 0], [6, 4, 0]], [1, 0], [0, 0], [1, 0], 21]         |
|                                                              | [[[4, 4, 0], [6, 4, 0]], [1, 0], [0, 0], [2, 0], 22]         |
|                                                              | [[[4, 4, 0], [6, 4, 0]], [0, 0], [0, 0], [0, 0], 23]         |


t = 111, plan_t = 0, n_plan: 88

                          C                 -450 -350 -250 -150  -50   50  150  250  350  450
 |    |    |    |    |    |    |    |    |    |    |    |    |    |    |    |    |    |    |
---------------------------------------------------------------------------------------------
|                                                                                           |
|                                                                                     o     |
|                                                                                           |
|                                                                                           |
|                                                                 O         O               |
---------------------------------------------------------------------------------------------
Computing new plan
{'start': [190, 500, 180], 'end': [50, 600, 180]}
{'start': [370, 300, 180], 'end': [-150, 600, 180]}
[[[3, 4, 0], [5, 4, 0]], [1, 0], [0, 1], [0, 0], 0]
[[[0, 0, 0], [8, 0, 0]], [0, 0], [0, 1], [0, 0], 0]












| Current plan                                                 | Next plan                                                    |
| ____________________________________________________________ | ____________________________________________________________ |
| [[[3, 4, 0], [6, 4, 0]], [0, 0], [1, 1], [0, 0], 1]          |                                                              |
| [[[2, 4, 0], [6, 4, 0]], [0, 0], [1, 1], [0, 0], 2]          |                                                              |
| [[[2, 3, 0], [5, 4, 0]], [0, 0], [1, 1], [0, 0], 3]          |                                                              |
| [[[2, 3, 0], [4, 4, 0]], [0, 0], [1, 1], [1, 0], 4]          |                                                              |
| [[[2, 3, 0], [4, 3, 0]], [0, 0], [1, 1], [2, 0], 5]          |                                                              |
| [[[2, 3, 0], [4, 2, 0]], [1, 0], [0, 1], [0, 0], 6]          |                                                              |
| [[[1, 3, 0], [3, 2, 0]], [1, 0], [0, 1], [0, 0], 7]          |                                                              |
| [[[0, 3, 0], [2, 2, 0]], [1, 0], [0, 1], [0, 0], 8]          |                                                              |
| [[[0, 3, 0], [0, 1, 0]], [1, 0], [0, 1], [0, 3], 9]          |                                                              |
| [[[0, 3, 0], [0, 1, 0]], [1, 0], [0, 1], [0, 4], 10]         |                                                              |
| [[[0, 3, 0], [2, 2, 0]], [1, 2], [0, 0], [0, 0], 11]         |                                                              |
| [[[0, 3, 0], [3, 2, 0]], [1, 2], [0, 0], [0, 0], 12]         |                                                              |
| [[[0, 3, 0], [4, 2, 0]], [1, 2], [0, 0], [0, 0], 13]         |                                                              |
| [[[0, 3, 0], [5, 2, 0]], [1, 2], [0, 0], [0, 0], 14]         |                                                              |
| [[[0, 3, 0], [5, 3, 0]], [1, 2], [0, 0], [0, 0], 15]         |                                                              |
| [[[1, 3, 0], [5, 4, 0]], [1, 2], [0, 0], [0, 0], 16]         |                                                              |
| [[[2, 3, 0], [6, 4, 0]], [1, 2], [0, 0], [0, 3], 17]         |                                                              |
| [[[3, 3, 0], [6, 4, 0]], [1, 2], [0, 0], [0, 4], 18]         |                                                              |
| [[[3, 4, 0], [5, 4, 0]], [1, 0], [0, 0], [0, 0], 19]         |                                                              |
| [[[4, 4, 0], [6, 4, 0]], [1, 0], [0, 0], [0, 0], 20]         | [[[0, 0, 0], [8, 0, 0]], [0, 0], [0, 1], [0, 0], 0]          |


>>> 112, plan_t = 0, n_plan: 9

                          C                 -450 -350 -250 -150  -50   50  150  250  350  450
 |    |    |    |    |    |    |    |    |    |    |    |    |    |    |    |    |    |    |
---------------------------------------------------------------------------------------------
|                                                  O                                       O|
|                                                                                     o     |
|                                                                                           |
|                                                                                           |
|                                                                                           |
---------------------------------------------------------------------------------------------


